0 3 -1 4 -1 2 9 8 7 -1 9 2 3 1 3
3 0 -1 -1 2 3 9 8 7 -1 2 -1 5 3 1
-1 -1 0 -1 1 1 4 9 2 -1 3 -1 5 2 8
4 -1 -1 0 -1 2 3 7 2 8 7 2 6 5 -1
-1 2 1 -1 0 9 3 8 -1 -1 -1 2 3 -1 3
2 3 1 2 9 0 2 9 3 2 6 8 -1 -1 3
9 9 4 3 3 2 0 2 8 6 3 4 -1 -1 2
8 8 9 7 8 9 2 0 2 3 -1 7 8 -1 -1
7 7 2 2 -1 3 8 2 0 -1 -1 8 2 1 -1
-1 -1 -1 8 -1 2 6 3 -1 0 7 6 5 2 1
9 2 3 7 -1 6 3 -1 -1 7 0 2 -1 1 1
2 -1 -1 2 2 8 4 7 8 6 2 0 7 9 -1
3 5 5 6 3 -1 -1 8 2 5 -1 7 0 -1 6
1 3 2 5 -1 -1 -1 -1 1 2 1 9 -1 0 -1
3 1 8 -1 3 3 2 -1 -1 1 1 -1 6 -1 0
