0 -1 3 1 -1 9 3 7 7 1 2 2 4 6 9 4 -1 7 1 3
-1 0 3 9 1 4 1 3 5 1 2 8 -1 5 6 1 5 1 3 5
3 3 0 7 7 2 1 8 6 2 1 5 5 6 1 -1 8 7 4 5
1 9 7 0 7 3 3 4 1 1 1 6 6 1 8 1 8 5 7 1
-1 1 7 7 0 7 1 5 3 6 4 9 2 1 1 8 6 7 4 2
9 4 2 3 7 0 1 1 9 2 2 5 8 5 8 6 9 2 9 8
3 1 1 3 1 1 0 4 3 5 4 8 2 1 1 8 9 7 4 8
7 3 8 4 5 1 4 0 2 7 8 1 1 8 9 4 4 1 5 6
7 5 6 1 3 9 3 2 0 7 3 6 1 8 5 2 9 7 1 1
1 1 2 1 6 2 5 7 7 0 9 4 1 7 1 1 6 3 4 5
2 2 1 1 4 2 4 8 3 9 0 -1 5 1 2 7 5 4 1 8
2 8 5 6 9 5 8 1 6 4 -1 0 3 3 6 4 4 4 8 6
4 1 5 6 2 8 2 1 1 1 5 3 0 -1 1 1 5 7 1 8
6 5 6 1 1 5 1 8 8 7 1 3 -1 0 7 7 1 9 2 8
9 6 1 8 1 8 1 9 5 1 2 6 1 7 0 2 2 1 2 3
4 1 -1 1 8 6 8 4 2 1 7 4 1 7 2 0 -1 1 8 7
-1 5 8 8 6 9 9 4 9 6 5 4 5 1 2 -1 0 2 4 1
7 -1 7 5 7 2 7 1 7 3 4 4 7 9 1 1 2 0 2 9
1 3 4 7 4 9 4 5 1 4 1 8 1 2 2 8 4 2 0 -1
3 5 5 1 2 8 8 6 1 5 8 6 8 8 3 7 1 9 -1 0
